1  |   |   
   |932|   
   |   |456
------------------
   |   |   
   |   |   
   |   |   
------------------
   |   |   
   |   |   
   |   |   
===========================================
1  |   |   
   |932|   
   |   |456
------------------
   |   |   
   |   |   
   |   |   
------------------
   |   |   
   |   |   
   |   |   
===========================================
178|456|239
456|932|178
239|178|456
------------------
361|584|792
582|697|314
794|213|685
------------------
613|825|947
827|349|561
945|761|823
===========================================
