10
5
4 9 5 2 2 1 3 5 1 4
12
40 21 119 32 107 93 101 117 110 63 61 66 64 50 116 75 19 56 22 88 87 17 57 70 
12
7 77 73 111 17 89 45 78 65 68 16 60 51 25 46 39 7 5 99 114 65 74 1 105 
12
19 53 98 12 34 106 98 16 78 53 84 15 20 19 108 28 39 5 90 75 10 12 26 23 
12
28 2 70 98 44 62 54 26 113 5 15 120 15 58 57 77 82 16 24 7 30 111 102 89 
12
14 26 108 3 102 52 45 64 106 120 79 64 53 64 60 8 81 81 96 107 65 65 90 105 
12
59 116 4 97 103 25 14 59 44 3 91 90 13 34 92 65 20 2 96 120 31 27 69 42 
12
42 11 80 119 40 28 117 21 71 95 120 88 119 44 6 72 109 91 108 59 98 4 53 120 
12
22 11 37 8 13 98 27 8 6 119 70 81 51 111 30 50 8 36 42 112 116 67 11 43 
12
14 52 79 42 104 80 8 101 5 76 55 66 75 70 15 4 74 92 55 23 23 112 12 22 



けけけけ


