20
1010
212
10100110100100100010100111100000100111101
12001210120020210212111010
11011111111100101111000110011000000001011
20210220102110120201211011
11101111110101001010100101110000010011111
21021221022122201020211221
10000011000011100111111000101110101101011
10222121220002211000122202
11010110101011010011111011100000011011110
20112021211122122102102220
10010100000001001100011010100111100111001
11111112202222012112001001
11110100000100001100010100100111001110001
21102102110011022210222002
11110101110011101011000010110011000011001
21110211102012222112011111
10100111010100100101111010010101010001001
12012210222001011012102000
10001001101110011100011011000001001000111
11011021111111120202200211
11111000011000000101100100001100001011010
21112222000211122220022010
11100001000101000000000010000010010000100
20211211110102210221212121
11011010000000000101101111110101000111011
21122022001200000210111201
11010001101101101010100101100100101101010
12220002011002010201220200
10000101101001110011010110011101000101101
11000221012112101100020011
10001010010001111100110001010111011101001
10221222120001022001222122
11110100010110011101011001100101101111000
21102200010101020210120200
00000010111001011001100110110110101000100
10222111021001201010112202
11010101110011100100111000000010110110111
20101011102222201212021112
